2 2 2 2 2 2 2 2 2 2 2 2 2 2 2 2 2 2 2 2
2 2 2 2 2 2 2 2 2 2 2 2 2 2 2 2 2 2 2 2
2 2 10 2 2 2 2 2 2 2 2 2 2 2 2 2 2 2 2 2
2 2 11 2 2 2 2 2 2 2 2 2 2 2 2 2 2 2 2 2
2 2 2 2 2 2 2 2 10 2 2 2 2 2 2 2 2 2 2 2
2 2 2 2 2 2 2 2 11 2 2 2 2 2 2 2 2 2 2 2
2 2 2 2 2 2 2 2 2 2 2 2 2 2 2 2 2 2 2 2
2 2 7 2 2 2 2 2 2 2 2 2 2 4 2 2 2 2 2 2
2 2 12 8 13 2 2 2 2 2 2 2 2 2 2 2 2 2 2 2
2 2 2 2 2 2 2 2 2 2 2 2 2 2 2 2 2 2 2 2
2 2 2 2 2 2 2 2 2 2 2 2 2 2 2 2 2 2 2 2
2 2 2 2 2 10 2 2 2 2 2 2 2 2 2 2 2 2 2 2
2 2 2 2 2 11 2 2 2 2 2 2 2 2 2 2 2 2 2 2
2 2 2 2 2 2 2 2 2 2 2 2 2 2 10 2 2 2 2 2
2 2 2 2 2 2 2 2 2 2 2 2 2 2 11 2 2 2 2 2
2 2 2 2 2 2 2 2 2 2 2 2 2 2 2 2 2 2 2 2
2 2 2 9 8 8 8 8 8 8 8 8 8 8 8 8 8 8 14 2
2 2 2 7 2 2 2 2 2 2 2 2 2 2 2 2 2 2 7 2
2 2 2 7 2 2 2 2 2 2 2 2 2 2 2 2 2 2 7 2
2 2 2 7 2 2 2 2 2 2 2 2 2 2 2 2 2 2 7 2